926
509
91
514
427
908
21
259
587
321
320
735
646
563
556
651
336
780
702
884
852
716
644
910
72
261
484
120
234
142
428
552
42
674
925
37
601
769
52
60
167
603
597
294
252
747
673
984
480
460
475
376
106
65
543
362
693
399
152
123
45
305
999
808
154
531
977
612
173
447
219
953
133
277
539
255
303
865
483
621
26
565
582
3
692
583
375
248
837
613
269
896
553
18
937
605
920
816
127
819
777
701
27
845
313
214
239
773
19
149
593
570
877
647
188
993
233
525
726
665
892
459
126
636
236
350
36
74
757
80
800
449
966
870
10
476
200
172
390
864
151
317
876
632
432
327
434
761
150
328
873
161
671
159
463
298
951
491
312
285
985
959
386
371
457
657
134
284
108
293
607
470
99
400
204
355
689
628
863
337
297
823
466
791
760
899
264
437
49
211
623
59
258
23
444
58
268
485
641
792
223
92
840
544
550
162
965
331
256
904
488
742
334
69
462
576
903
229
609
775
8
528
206
135
746
207
584
958
415
968
838
743
581
511
813
895
606
326
365
272
828
242
566
955
678
435
228
579
369
902
888
661
971
309
715
495
482
663
46
318
240
341
251
886
451
527
314
703
189
768
549
245
473
55
338
619
263
687
529
105
202
588
420
183
274
829
545
419
974
923
758
763
221
947
43
795
737
5
841
536
846
685
574
638
464
682
137
940
171
532
385
789
322
557
100
283
396
798
629
851
281
56
345
919
381
170
894
907
586
34
174
413
521
487
596
54
267
654
306
225
656
639
494
379
469
231
66
218
383
885
438
67
728
675
461
615
71
436
407
535
554
724
931
276
541
856
790
384
740
110
745
608
88
403
203
119
847
453
510
859
652
590
505
50
490
710
580
319
938
627
882
454
304
668
179
950
402
915
35
850
996
441
949
723
416
826
387
667
1000
193
307
431
412
388
981
881
526
191
377
664
690
195
12
853
405
217
825
271
430
932
136
598
230
364
967
721
411
184
103
814
157
111
542
732
793
30
478
796
786
115
857
653
990
63
911
164
855
224
477
655
681
887
648
942
812
695
144
519
969
39
406
503
44
498
979
817
408
175
842
936
64
594
102
302
249
976
835
548
575
982
547
166
804
76
282
205
417
906
546
717
311
640
788
194
332
143
765
450
467
944
4
972
515
517
672
720
753
513
983
779
832
124
957
78
325
676
659
849
706
118
472
246
363
414
290
802
501
96
398
694
421
141
210
201
699
523
94
333
101
633
378
767
778
756
38
389
960
247
635
589
714
691
340
486
153
122
734
839
17
806
301
738
155
980
79
7
989
41
109
62
393
492
922
620
614
697
279
178
994
862
422
520
138
220
772
196
278
89
209
924
712
132
418
424
538
370
227
844
310
781
684
810
600
394
97
343
425
939
380
686
591
755
295
524
299
956
15
577
533
918
934
660
751
774
75
669
784
496
440
752
296
87
807
335
423
286
893
456
683
445
48
948
367
442
748
991
741
785
727
280
351
866
16
770
794
11
649
131
197
93
6
698
897
820
921
929
762
116
215
736
222
316
891
630
821
139
372
905
243
754
688
180
749
677
342
836
709
160
803
871
879
729
962
9
323
25
766
631
433
13
85
47
32
930
158
592
901
347
253
637
128
861
913
961
353
147
797
504
198
764
522
190
117
397
145
73
978
890
822
572
827
352
700
113
933
481
260
409
815
805
818
489
987
558
782
824
988
874
208
809
941
359
771
662
578
869
187
77
945
70
374
731
448
53
750
783
130
733
104
288
366
186
474
404
670
497
20
530
872
616
265
349
500
900
551
963
562
943
622
51
98
270
287
344
878
148
830
868
468
244
973
642
867
82
241
992
927
916
356
571
954
811
395
739
718
368
401
875
446
696
507
237
935
995
354
650
181
567
508
722
2
610
516
970
573
679
602
848
625
31
33
235
29
854
358
704
443
22
898
410
114
146
744
289
479
112
266
391
455
719
465
964
107
185
914
997
928
90
1
883
502
426
666
262
330
250
831
238
192
213
392
452
618
95
680
645
86
858
568
61
860
212
165
711
156
199
232
569
909
843
361
561
713
537
833
880
291
292
429
946
626
14
506
40
254
499
776
787
324
493
759
708
799
889
834
257
540
81
182
595
998
643
617
57
226
308
560
24
952
121
634
599
611
360
140
339
68
559
912
216
564
518
585
534
382
658
168
315
705
458
357
177
471
300
83
169
801
604
275
346
917
28
125
975
555
624
129
348
512
163
725
730
273
176
373
439
707
84
329
986