136
162
713
267
51
35
28
426
931
600
899
622
113
354
375
23
148
443
306
811
913
450
344
445
937
446
123
173
152
526
24
459
968
15
223
987
209
141
880
432
815
36
718
93
86
463
593
284
437
243
567
287
361
62
503
980
217
238
273
155
302
48
510
919
838
872
259
818
153
175
804
879
559
283
356
282
250
242
800
709
43
538
948
380
612
912
650
493
696
176
247
325
171
471
351
745
145
749
828
269
780
425
864
390
730
724
6
142
517
182
515
4
135
185
820
768
383
675
12
197
20
776
457
222
340
957
541
695
744
533
240
277
986
398
292
353
212
455
474
224
231
491
722
170
227
369
916
38
665
959
500
644
191
487
888
687
256
615
852
213
645
188
366
868
87
30
910
230
531
669
831
670
952
235
666
694
934
691
278
415
908
965
981
177
643
511
435
75
545
466
476
132
393
363
449
516
423
797
518
996
417
830
384
592
614
316
59
381
529
646
953
26
851
786
252
764
261
840
400
186
416
83
941
208
342
411
396
346
262
903
228
480
508
564
349
161
323
73
667
960
859
989
877
704
833
599
683
925
164
196
195
896
792
55
1000
871
570
318
555
433
422
150
809
556
595
494
41
70
341
846
929
72
77
320
374
129
395
837
621
462
115
729
388
438
543
241
966
260
397
200
407
430
681
585
263
19
677
464
823
392
618
855
295
82
343
486
254
387
707
420
108
221
364
930
915
61
566
207
85
806
624
117
945
698
974
596
406
275
961
636
194
103
10
942
67
762
5
32
421
639
642
512
778
731
887
111
29
554
163
167
94
590
110
785
409
652
429
609
16
276
783
784
821
101
536
807
202
684
701
9
225
472
339
234
122
720
587
414
857
906
662
991
584
296
769
100
544
750
588
827
439
765
817
279
572
13
803
922
79
40
824
671
116
924
562
659
808
159
835
482
357
178
434
561
347
475
788
322
535
858
468
747
477
506
514
289
688
715
939
649
982
540
81
8
661
419
362
845
654
69
737
766
76
324
154
990
623
629
825
893
889
894
352
558
57
746
317
3
98
304
943
524
495
627
50
537
237
280
935
781
520
954
900
651
52
370
553
473
611
345
917
604
404
469
128
504
157
216
844
444
452
760
297
586
34
169
658
576
539
705
994
822
734
447
995
114
428
192
412
798
313
118
938
427
656
697
290
334
723
130
920
848
979
96
712
328
338
648
598
294
368
568
65
892
739
690
527
795
637
617
633
125
610
856
620
733
816
706
826
348
578
946
727
640
402
926
647
14
131
789
265
674
841
440
218
812
630
441
465
95
601
673
985
124
105
179
759
303
882
582
460
793
878
405
301
703
102
134
451
542
18
336
377
861
583
547
367
220
496
84
158
738
489
335
742
605
31
743
206
928
58
54
467
507
993
183
732
37
657
577
676
509
863
11
907
329
984
874
424
403
870
151
172
382
728
757
490
791
964
761
692
802
271
862
901
214
891
546
829
904
853
932
548
479
921
454
174
97
805
735
233
967
550
717
758
884
485
215
801
107
702
436
365
310
249
513
936
168
873
898
721
951
905
49
266
7
74
378
969
754
628
770
502
700
699
121
849
755
581
773
603
962
680
756
983
219
147
373
180
245
914
958
569
631
741
923
771
663
866
890
711
25
144
104
274
772
834
146
580
736
483
660
350
748
326
552
664
933
522
918
319
127
782
333
869
239
860
21
498
484
244
78
886
632
253
725
875
488
456
88
270
963
977
92
693
272
210
307
726
232
372
453
22
331
17
44
634
305
911
775
394
836
291
264
315
60
371
573
689
752
790
686
885
998
203
66
847
897
190
109
285
255
376
229
949
309
308
236
410
187
679
385
360
53
607
138
532
165
358
682
226
499
442
927
613
975
950
327
988
779
626
478
616
204
579
971
574
258
470
337
625
137
293
668
106
312
90
635
714
571
413
902
64
160
198
248
814
591
139
112
389
787
997
211
314
999
956
763
534
575
716
641
672
461
391
883
386
843
448
521
71
865
895
940
298
519
184
560
549
708
193
39
300
638
201
719
854
992
99
944
27
867
418
140
653
1
45
408
813
842
505
311
330
299
955
288
832
597
947
321
133
481
978
181
46
976
799
523
189
33
850
740
678
909
551
710
119
91
655
63
458
774
257
594
431
268
557
608
589
156
753
685
972
497
525
379
80
399
286
794
492
530
501
973
143
565
602
777
47
881
970
89
332
819
-33686019
36565
-74180755